xy_candidate = [5295.83	6130.2
5230.83	6130.2
5345.83	6130.2
5270.83	6105.2
5295.83	6105.2
5230.83	6105.2
5345.83	6105.2
5270.83	6080.2
5295.83	6080.2
5230.83	6080.2
5345.83	6080.2
5270.83	6080.2
5345.83	6055.2
5270.83	6055.2
5295.83	6055.2
5230.83	6055.2
5345.83	6055.2
5270.83	6055.2
5345.83	6030.2
5270.83	6030.2
5295.83	6030.2
5230.83	6030.2
5345.83	6030.2
5295.83	6005.2
5220.83	6005.2
5475.83	6005.2
5295.83	6005.2
5195.83	5980.2
5230.83	5980.2
5245.83	5980.2
5345.83	5980.2
5270.83	5980.2
5220.83	5780.2
5545.83	5780.2
5295.83	5755.2
5545.83	5755.2
5470.83	5755.2
5295.83	5730.2
5470.83	5730.2
5400.83	5730.2
5230.83	5730.2
5570.83	5730.2
5395.83	5730.2
5260.83	5680.2
5195.83	5680.2
5100.83	5555.2
5195.83	5555.2
5145.83	5530.2
5170.83	5530.2
4495.83	5505.2
4520.83	5505.2
5120.83	5505.2
5145.83	5505.2
4420.83	5480.2
4445.83	5480.2
4470.83	5480.2
4570.83	5480.2
4595.83	5480.2
4845.83	5480.2
5095.83	5480.2
5120.83	5480.2
4370.83	5455.2
4395.83	5455.2
4420.83	5455.2
4445.83	5455.2
4470.83	5455.2
4495.83	5455.2
4520.83	5455.2
4545.83	5455.2
5070.83	5455.2
5095.83	5455.2
5120.83	5455.2
4295.83	5430.2
4320.83	5430.2
4345.83	5430.2
4370.83	5430.2
4395.83	5430.2
4420.83	5430.2
4445.83	5430.2
4470.83	5430.2
4495.83	5430.2
4520.83	5430.2
4545.83	5430.2
4570.83	5430.2
5020.83	5430.2
5045.83	5430.2
5070.83	5430.2
5095.83	5430.2
5120.83	5430.2
4265.83	5405.2
4290.83	5405.2
4315.83	5405.2
4340.83	5405.2
4365.83	5405.2
4395.83	5405.2
4420.83	5405.2
4445.83	5405.2
4470.83	5405.2
4495.83	5405.2
4520.83	5405.2
4545.83	5405.2
4670.83	5405.2
4695.83	5405.2
4720.83	5405.2
4745.83	5405.2
4770.83	5405.2
4795.83	5405.2
4820.83	5405.2
4845.83	5405.2
4870.83	5405.2
4895.83	5405.2
4920.83	5405.2
4945.83	5405.2
4970.83	5405.2
4995.83	5405.2
5020.83	5405.2
5045.83	5405.2
5070.83	5405.2
5095.83	5405.2
5120.83	5405.2
5145.83	5405.2
4425.83	5380.2
4270.83	5380.2
4295.83	5380.2
4320.83	5380.2
4345.83	5380.2
4370.83	5380.2
4395.83	5380.2
4420.83	5380.2
4445.83	5380.2
4470.83	5380.2
4495.83	5380.2
4520.83	5380.2
4545.83	5380.2
4570.83	5380.2
4595.83	5380.2
4620.83	5380.2
4645.83	5380.2
4670.83	5380.2
4695.83	5380.2
4720.83	5380.2
4745.83	5380.2
4770.83	5380.2
4795.83	5380.2
4820.83	5380.2
4845.83	5380.2
4870.83	5380.2
4895.83	5380.2
4920.83	5380.2
4945.83	5380.2
5020.83	5380.2
5070.83	5380.2
5095.83	5380.2
5120.83	5380.2
5145.83	5380.2
4425.83	5355.2
4270.83	5355.2
4295.83	5355.2
4320.83	5355.2
4345.83	5355.2
4370.83	5355.2
4395.83	5355.2
4420.83	5355.2
4445.83	5355.2
4470.83	5355.2
4495.83	5355.2
4520.83	5355.2
4545.83	5355.2
4570.83	5355.2
4595.83	5355.2
4620.83	5355.2
4645.83	5355.2
4670.83	5355.2
4695.83	5355.2
4720.83	5355.2
4745.83	5355.2
4770.83	5355.2
4795.83	5355.2
4820.83	5355.2
4845.83	5355.2
4870.83	5355.2
4895.83	5355.2
4920.83	5355.2
4945.83	5355.2
5020.83	5355.2
5045.83	5355.2
5070.83	5355.2
5095.83	5355.2
5120.83	5355.2
5145.83	5355.2
4295.83	5330.2
4320.83	5330.2
4345.83	5330.2
4370.83	5330.2
4395.83	5330.2
4420.83	5330.2
4445.83	5330.2
4470.83	5330.2
4495.83	5330.2
4520.83	5330.2
4545.83	5330.2
4845.83	5330.2
4870.83	5330.2
4895.83	5330.2
4920.83	5330.2
4945.83	5330.2
4970.83	5330.2
4995.83	5330.2
5020.83	5330.2
5045.83	5330.2
5070.83	5330.2
4295.83	5305.2
4320.83	5305.2
4345.83	5305.2
4645.83	5305.2
4670.83	5305.2
4695.83	5305.2
4720.83	5305.2
4745.83	5305.2
4770.83	5305.2
4795.83	5305.2
4820.83	5305.2
4845.83	5305.2
4870.83	5305.2
4895.83	5305.2
4920.83	5305.2
4945.83	5305.2
4970.83	5305.2
4995.83	5305.2
5020.83	5305.2
4295.83	5280.2
4320.83	5280.2
4345.83	5280.2
4370.83	5280.2
4395.83	5280.2
4420.83	5280.2
4445.83	5280.2
4470.83	5280.2
4495.83	5280.2
4720.83	5280.2
4745.83	5280.2
4770.83	5280.2
4800.83	5280.2
4820.83	5280.2
4845.83	5280.2
4870.83	5280.2
4895.83	5280.2
4920.83	5280.2
4945.83	5255.2
4295.83	5255.2
4345.83	5255.2
4395.83	5255.2
4410.83	5255.2
4420.83	5255.2
4445.83	5255.2
4495.83	5255.2
4520.83	5255.2
4570.83	5255.2
4670.83	5255.2
4695.83	5255.2
4720.83	5255.2
4745.83	5255.2
4770.83	5255.2
4795.83	5255.2
4820.83	5255.2
4845.83	5255.2
4870.83	5255.2
4895.83	5255.2
4270.83	5230.2
4295.83	5230.2
4320.83	5230.2
4345.83	5230.2
4370.83	5230.2
4400.83	5230.2
4425.83	5230.2
4470.83	5230.2
4795.83	5230.2
4820.83	5230.2
4545.83	5230.2
4670.83	5230.2
4695.83	5230.2
4720.83	5230.2
4745.83	5230.2
4770.83	5230.2
4795.83	5230.2
4820.83	5230.2
4295.83	5205.2
4420.83	5205.2
4270.83	5205.2
4295.83	5205.2
4310.83	5205.2
4395.83	5205.2
4400.83	5205.2
4425.83	5205.2
4450.83	5205.2
4505.83	5205.2
4595.83	5205.2
4795.83	5205.2
4820.83	5205.2
4745.83	5205.2
4295.83	5180.2
4270.83	5180.2
4300.83	5180.2
4320.83	5180.2
4345.83	5180.2
4420.83	5180.2
4520.83	5180.2
4545.83	5180.2
4570.83	5180.2
4595.83	5180.2
4720.83	5180.2
4255.83	5155.2
4270.83	5155.2
4295.83	5155.2
4320.83	5155.2
4345.83	5155.2
4370.83	5155.2
4395.83	5155.2
4500.83	5155.2
4545.83	5155.2
4570.83	5155.2
4645.83	5155.2
4670.83	5155.2
4695.83	5155.2
4720.83	5130.2
4270.83	5130.2
4295.83	5130.2
4320.83	5130.2
4345.83	5130.2
4370.83	5130.2
4395.83	5130.2
4420.83	5130.2
4520.83	5130.2
4545.83	5130.2
4570.83	5130.2
4595.83	5130.2
4645.83	5130.2
4670.83	5130.2
4695.83	5130.2
4720.83	5130.2
4295.83	5105.2
4320.83	5105.2
4345.83	5105.2
4370.83	5105.2
4395.83	5105.2
4420.83	5105.2
4450.83	5105.2
4495.83	5105.2
4545.83	5105.2
4570.83	5105.2
4595.83	5105.2
4645.83	5105.2
4670.83	5105.2
4695.83	5105.2
4720.83	5105.2
4295.83	5080.2
4320.83	5080.2
4345.83	5080.2
4370.83	5080.2
4395.83	5080.2
4420.83	5080.2
4445.83	5080.2
4570.83	5080.2
4595.83	5080.2
4695.83	5080.2
4620.83	5080.2
4670.83	5080.2
4695.83	5080.2
4720.83	5080.2
4295.83	5055.2
4320.83	5055.2
4345.83	5055.2
4370.83	5055.2
4395.83	5055.2
4420.83	5055.2
4445.83	5055.2
4470.83	5055.2
4545.83	5055.2
4570.83	5055.2
4595.83	5055.2
4620.83	5055.2
4670.83	5055.2
4695.83	5055.2
4720.83	5055.2
4295.83	5030.2
4320.83	5030.2
4370.83	5030.2
4395.83	5030.2
4420.83	5030.2
4445.83	5030.2
4470.83	5030.2
4545.83	5030.2
4645.83	5030.2
4670.83	5030.2
4720.83	5030.2
4295.83	5005.2
4370.83	5005.2
4395.83	5005.2
4420.83	5005.2
4470.83	5005.2
4445.83	5005.2
4070.83	5005.2
4645.83	5005.2
4670.83	5005.2
4695.83	5005.2
4720.83	5005.2
4745.83	5005.2
4770.83	5005.2
4795.83	5005.2
4820.83	5005.2
4845.83	5005.2
4870.83	5005.2
4895.83	5005.2
4920.83	5005.2
4320.83	4980.2
4345.83	4980.2
4370.83	4980.2
4395.83	4980.2
4420.83	4980.2
4445.83	4980.2
4470.83	4980.2
4495.83	4980.2
4670.83	4980.2
4695.83	4980.2
4720.83	4980.2
4745.83	4980.2
4770.83	4980.2
4795.83	4980.2
4820.83	4980.2
4845.83	4980.2
4870.83	4980.2
4895.83	4980.2
4345.83	4955.2
4370.83	4955.2
4395.83	4955.2
4420.83	4955.2
4445.83	4955.2
4470.83	4955.2
4495.83	4955.2
4645.83	4955.2
4670.83	4955.2
4720.83	4955.2
4745.83	4955.2
4770.83	4955.2
4795.83	4955.2
4820.83	4955.2
4845.83	4955.2
4870.83	4955.2
4370.83	4930.2
4395.83	4930.2
4420.83	4930.2
4445.83	4930.2
4470.83	4930.2
4495.83	4930.2
4520.83	4930.2
4645.83	4930.2
4720.83	4930.2
4745.83	4930.2
4770.83	4930.2
4970.83	4930.2
4370.83	4905.2
4395.83	4905.2
4420.83	4905.2
4445.83	4905.2
4470.83	4905.2
4520.83	4905.2
4595.83	4905.2
4695.83	4905.2
5945.83	4905.2
5970.83	4905.2
5995.83	4905.2
4395.83	4880.2
4420.83	4880.2
4445.83	4880.2
4470.83	4880.2
4495.83	4880.2
4520.83	4880.2
5170.83	4880.2
5945.83	4880.2
5970.83	4880.2
5995.83	4880.2
4395.83	4855.2
4420.83	4855.2
4445.83	4855.2
4470.83	4855.2
4495.83	4855.2
4520.83	4855.2
5120.83	4855.2
5145.83	4855.2
5170.83	4855.2
5195.83	4855.2
5920.83	4855.2
5945.83	4855.2
5970.83	4855.2
5995.83	4855.2
6200.83	4855.2
4370.83	4830.2
4395.83	4830.2
4420.83	4830.2
