Em = [27
25
28
29
19
20
28
19
30
27
27
46
37
28
24
29
38
18
39
14
28
20
20
33
41
8
51
];